%YAML:1.0
---
model_type: PINHOLE
camera_name: camera
image_width: 1280
image_height: 256
distortion_parameters:
   k1: -3.7018320000000000e-02
   k2: 1.0225075000000000e-01
   p1: 2.8546000000000002e-04
   p2: -1.6500999999999999e-04
projection_parameters:
   fx: 7.6291936652000004e+02
   fy: 7.7025435429000004e+02
   cx: 6.3801009524000006e+02
   cy: 9.9481410120000021e+01
