%YAML:1.0
---
model_type: PINHOLE
camera_name: camera
image_width: 1280
image_height: 256
distortion_parameters:
   k1: -0.04728323
   k2:  0.11789207
   p1: 0.00182861
   p2: -0.00019081
projection_parameters:
   fx: 761.75432126
   fy: 768.27087821
   cx: 636.39807791
   #cy: 503.93565399
   cy: 103.93565399