%YAML:1.0
---
model_type: PINHOLE
camera_name: camera
image_width: 1280
#image_height: 1024
image_height: 256
distortion_parameters:
   k1: -0.0477098987
   k2: 0.1128904275
   p1: -0.0012228185
   p2: -0.0001137704
projection_parameters:
   fx: 759.4470783095
   fy: 762.4628030509
   cx: 642.4076955287
   #cy: 523.2078315750
   cy: 123.2078315750